NOAA 15                 
1 25338U 98030A   23287.82906528  .00000394  00000+0  18184-3 0  9993
2 25338  98.5973 314.7975 0009695 329.8860  30.1762 14.26411325322314
TERRA                   
1 25994U 99068A   23287.84937389  .00001198  00000+0  26264-3 0  9995
2 25994  98.0826 353.2106 0002964  70.1042  20.9956 14.59373643267235
AQUA                    
1 27424U 02022A   23287.87686904  .00002439  00000+0  53594-3 0  9991
2 27424  98.2977 231.9532 0001668 104.4103 321.9800 14.58439651140804
NOAA 18                 
1 28654U 05018A   23287.80833954  .00000420  00000+0  24873-3 0  9993
2 28654  98.9005   1.5699 0014816  44.8648 315.3719 14.13030163948464
NOAA 19                 
1 33591U 09005A   23287.79713807  .00000374  00000+0  22592-3 0  9995
2 33591  99.0863 335.5633 0012900 265.8820  94.0877 14.12842492756830
SUOMI NPP               
1 37849U 11061A   23287.85500167  .00000271  00000+0  14939-3 0  9992
2 37849  98.7124 224.5714 0000619  89.7920 345.4531 14.19536058619913
METEOSAT-10 (MSG-3)     
1 38552U 12035B   23287.32507181  .00000001  00000+0  00000+0 0  9992
2 38552   2.4200  58.0130 0000145 218.7170 222.4274  1.00271717 41066
METOP-B                 
1 38771U 12049A   23287.84167800  .00000334  00000+0  17223-3 0  9995
2 38771  98.6651 345.1378 0001153  91.3138  46.9403 14.21512592574542
LANDSAT 8               
1 39084U 13008A   23287.81939824  .00001014  00000+0  23514-3 0  9995
2 39084  98.2151 356.2127 0001291  91.1727 268.9619 14.57114684567536
METEOR-M 2              
1 40069U 14037A   23287.77816031  .00000260  00000+0  13928-3 0  9992
2 40069  98.4285 288.2232 0005805   6.9010 353.2246 14.20826423480636
HIMAWARI-8              
1 40267U 14060A   23287.78307187 -.00000264  00000+0  00000+0 0  9994
2 40267   0.0350 101.4083 0000762 107.5715 236.6750  1.00271217 33070
SENTINEL-2A             
1 40697U 15028A   23287.80889373  .00000410  00000+0  17316-3 0  9995
2 40697  98.5679   0.6059 0001169  89.5794 270.5522 14.30811930434117
METEOSAT-11 (MSG-4)     
1 40732U 15034A   23287.54201920  .00000073  00000+0  00000+0 0  9992
2 40732   0.8173  56.8551 0001888 227.9075 302.3656  1.00271993 30228
SENTINEL-3A             
1 41335U 16011A   23287.79816039  .00000362  00000+0  16744-3 0  9995
2 41335  98.6258 353.1172 0001294  97.9277 262.2050 14.26742315398838
GOES 16                 
1 41866U 16071A   23287.52522382 -.00000237  00000+0  00000+0 0  9992
2 41866   0.0434 289.9809 0000783 322.9813 243.7454  1.00271362 25311
SENTINEL-2B             
1 42063U 17013A   23287.84390065  .00000379  00000+0  16135-3 0  9991
2 42063  98.5682   0.6451 0001084  94.6830 265.4477 14.30816839345037
KANOPUS-V-IK            
1 42825U 17042A   23287.86691117  .00006049  00000+0  26563-3 0  9999
2 42825  97.4047 194.2659 0001824  88.7269 271.4176 15.22296410346806
FENGYUN 3D              
1 43010U 17072A   23287.84724876  .00000295  00000+0  16222-3 0  9994
2 43010  98.8746 236.5526 0001347   6.1065 354.0127 14.19221011306478
NOAA 20                 
1 43013U 17073A   23287.80485181  .00000255  00000+0  14151-3 0  9992
2 43013  98.7203 224.3938 0001483  97.2125 262.9219 14.19577896305944
GOES 17                 
1 43226U 18022A   23287.54431139 -.00000080  00000+0  00000+0 0  9999
2 43226   0.0123  62.8589 0001875 129.0881 282.1628  1.00272689 20638
SENTINEL-3B             
1 43437U 18039A   23287.42047778  .00000355  00000+0  16491-3 0  9999
2 43437  98.6309 352.8298 0000887 101.9527 258.1753 14.26731517284847
METOP-C                 
1 43689U 18087A   23287.85186717  .00000341  00000+0  17582-3 0  9992
2 43689  98.7173 345.4370 0003736  77.0952 283.0642 14.21483876256127
METEOR-M2 2             
1 44387U 19038A   23287.84857638  .00000163  00000+0  90873-4 0  9998
2 44387  98.7917 251.5925 0001030   9.5496 350.5702 14.23815429222338
LANDSAT 9               
1 49260U 21088A   23287.78510500  .00001051  00000+0  24334-3 0  9993
2 49260  98.2187 356.1801 0001129  87.2318 272.9009 14.57102671108804
