ISS (ZARYA)             
1 25544U 98067A   23287.93810714  .00022049  00000+0  39007-3 0  9993
2 25544  51.6420  95.3756 0004905 105.7009 352.3865 15.50221935420365
ISS DEB                 
1 47853U 98067RZ  23287.58019887  .00069828  00000+0  41133-3 0  9992
2 47853  51.6313  47.4452 0002744 322.5506  37.5303 15.77538555147592
CSS (TIANHE)            
1 48274U 21035A   23287.66739706  .00035123  00000+0  40165-3 0  9994
2 48274  41.4705 148.4649 0001825  81.8045 278.3001 15.61436963140512
ISS (NAUKA)             
1 49044U 21066A   23287.53868432  .00021467  00000+0  38029-3 0  9991
2 49044  51.6420  97.3550 0004932 105.3717 282.1503 15.50201549420304
FREGAT DEB              
1 49271U 11037PF  23287.35798413  .00034543  00000+0  91891-1 0  9994
2 49271  51.6370 330.0357 0972660 320.7121  32.6878 12.07219383105279
CSS (WENTIAN)           
1 53239U 22085A   23287.34759406  .00042611  00000+0  48632-3 0  9998
2 53239  41.4707 150.4132 0001862  76.3729 283.7317 15.61420179140466
CSS (MENGTIAN)          
1 54216U 22143A   23287.34759406  .00042611  00000+0  48632-3 0  9999
2 54216  41.4707 150.4132 0001862  76.3729 283.7317 15.61420179140462
ISS DEB (SPX-26 IPA FSE)
1 55448U 98067VB  23287.82953517  .00146172  00000+0  85669-3 0  9995
2 55448  51.6323  73.8066 0005446 236.7109 123.3370 15.77326852 40026
ARKSAT 1                
1 56311U 98067VC  23287.79431757  .00527799  11979-3  15657-2 0  9996
2 56311  51.6266  78.0349 0008133 278.6886  81.3199 15.91883120 27137
EX-ALTA-2               
1 56313U 98067VE  23287.64658677  .00577291  14511-3  15766-2 0  9992
2 56313  51.6209  78.5081 0008332 276.6710  83.3349 15.93451879 27132
NEUDOSE                 
1 56315U 98067VG  23287.47218664  .00239750  00000+0  14582-2 0  9997
2 56315  51.6287  84.9249 0005212 232.8171 127.2353 15.76201620 27014
YUKONSAT                
1 56316U 98067VH  23287.81658375  .00331579  00000+0  14331-2 0  9997
2 56316  51.6285  80.4504 0005689 255.2319 104.8054 15.83450503 27124
ISS DEB                 
1 56434U 98067VJ  23287.85388939  .00158680  00000+0  11720-2 0  9997
2 56434  51.6315  85.2614 0006193 228.9102 131.1362 15.71941356 25617
TIANZHOU-6              
1 56446U 23063A   23287.34759406  .00042611  00000+0  48632-3 0  9998
2 56446  41.4707 150.4132 0001862  76.3729 283.7317 15.61420179140469
PROGRESS-MS 23          
1 56740U 23071A   23287.53868432  .00021467  00000+0  38029-3 0  9990
2 56740  51.6420  97.3550 0004932 105.3717 282.1503 15.50201549420305
SHENZHOU-16 (SZ-16)     
1 56761U 23077A   23287.34759406  .00042611  00000+0  48632-3 0  9993
2 56761  41.4707 150.4132 0001862  76.3729 283.7317 15.61420179140469
ISS DEB                 
1 57212U 98067VP  23287.73331019  .00056706  00000+0  75467-3 0  9991
2 57212  51.6362  93.4762 0004084 162.3627 197.7508 15.57593728 17306
1998-067VQ              
1 57312U 98067VQ  23287.72844372  .00137692  00000+0  14062-2 0  9999
2 57312  51.6355  91.9445 0006534 255.8980 104.1289 15.64075265 15622
1998-067VR              
1 57313U 98067VR  23287.82627768  .00108398  00000+0  11914-2 0  9993
2 57313  51.6349  91.8486 0004584 262.7558  97.2915 15.62330009 15649
1998-067VS              
1 57314U 98067VS  23287.34078527  .00395789  00000+0  22015-2 0  9990
2 57314  51.6271  90.8093 0009325 271.7636  88.2297 15.77748762 15606
1998-067VT              
1 57315U 98067VT  23287.84835138  .00129134  00000+0  13056-2 0  9999
2 57315  51.6342  91.2402 0006825 254.4343 105.5899 15.64360686 15657
MOONLIGHTER             
1 57316U 98067VU  23285.77358000  .00046494  00000+0  53376-3 0  9995
2 57316  51.6343 101.3870 0005179 198.1130 161.9680 15.61566272 15324
1998-067VV              
1 57317U 98067VV  23287.84568684  .00224388  00000+0  17186-2 0  9995
2 57317  51.6376  89.7372 0008404 260.8945  99.1102 15.70846023 15665
MAYA-5                  
1 57419U 98067VW  23287.83207893  .00186535  00000+0  16472-2 0  9997
2 57419  51.6323  91.1211 0006395 233.6374 126.4032 15.67534093 13650
MAYA-6                  
1 57420U 98067VX  23287.83728789  .00182291  00000+0  16394-2 0  9999
2 57420  51.6313  91.1525 0006311 231.2222 128.8211 15.67098553 13654
CYGNUS NG-19            
1 57488U 23110A   23287.53868432  .00021467  00000+0  38029-3 0  9994
2 57488  51.6420  97.3550 0004932 105.3717 282.1503 15.50201549420305
PROGRESS-MS 24          
1 57691U 23125A   23287.53868432  .00021467  00000+0  38029-3 0  9996
2 57691  51.6420  97.3550 0004932 105.3717 282.1503 15.50201549420301
CREW DRAGON 7           
1 57697U 23128A   23287.53868432  .00021467  00000+0  38029-3 0  9995
2 57697  51.6420  97.3550 0004932 105.3717 282.1503 15.50201549420307
SOYUZ-MS 24             
1 57862U 23143A   23287.53868432  .00021467  00000+0  38029-3 0  9996
2 57862  51.6420  97.3550 0004932 105.3717 282.1503 15.50201549420301
