VICTUS NOX              
1 57861U 23142A   23287.79013601  .00013489  00000+0  53590-3 0  9997
2 57861  97.3192 113.9256 0050351   7.5473 352.6511 15.24240760  4522
SOYUZ-MS 24             
1 57862U 23143A   23287.53868432  .00021467  00000+0  38029-3 0  9996
2 57862  51.6420  97.3550 0004932 105.3717 282.1503 15.50201549420301
STARLINK-30432          
1 57864U 23144A   23287.83335648 -.00934299  00000+0 -50731-1 0  9990
2 57864  43.0001  14.8477 0001677 261.9600 183.5030 15.16635090  5625
STARLINK-30427          
1 57865U 23144B   23287.83335648 -.01646037  00000+0 -89644-1 0  9997
2 57865  43.0001  14.8189 0001226 265.3497 192.0673 15.17293992  5628
STARLINK-30393          
1 57866U 23144C   23287.58335648 -.02114006  00000+0 -84161-1 0  9996
2 57866  43.0009  15.7484 0001537 276.1539  86.6501 15.28093354  5672
STARLINK-30439          
1 57867U 23144D   23287.58335648 -.02106832  00000+0 -10858+0 0  9995
2 57867  43.0002  16.1587 0000918 274.0695 278.1744 15.19503643  5727
STARLINK-30442          
1 57868U 23144E   23287.58335648 -.02114222  00000+0 -74581-1 0  9993
2 57868  43.0006  14.9070 0001453 268.2936  76.9355 15.31966541  5684
STARLINK-30441          
1 57869U 23144F   23287.58335648 -.02115263  00000+0 -74710-1 0  9994
2 57869  43.0004  14.9374 0001392 265.7914  67.4730 15.31929645  5686
STARLINK-30460          
1 57870U 23144G   23287.58335648 -.02105233  00000+0 -10422+0 0  9990
2 57870  43.0003  16.0785 0001283 260.8896 324.1157 15.20863988  5726
STARLINK-30444          
1 57871U 23144H   23287.58335648 -.02106657  00000+0 -10153+0 0  9993
2 57871  43.0004  16.0305 0001182 261.3323 344.6971 15.21772405  5405
STARLINK-30446          
1 57872U 23144J   23287.83335648 -.01922801  00000+0 -53104-1 0  9993
2 57872  42.9998  12.5404 0001801 315.4377 354.0763 15.39746163  5398
STARLINK-30445          
1 57873U 23144K   23287.58335648  .00063522  00000+0  23291-2 0  9994
2 57873  43.0007  15.9804 0001104  34.2699 232.5105 15.27138884  5596
STARLINK-30447          
1 57874U 23144L   23287.83335648 -.00088318  00000+0 -60771-3 0  9990
2 57874  42.9991  10.2871 0001954 259.2153 235.5597 15.73881239  5730
STARLINK-30434          
1 57875U 23144M   23287.58335648 -.02112263  00000+0 -99105-1 0  9993
2 57875  43.0006  15.9802 0001282 267.3095 359.0893 15.22682191  5646
STARLINK-30429          
1 57876U 23144N   23287.58335648 -.02105045  00000+0 -97403-1 0  9993
2 57876  43.0006  15.9574 0001367 262.5010  13.8378 15.23133258  5729
STARLINK-30284          
1 57877U 23144P   23287.83335648 -.00453595  00000+0 -16328-2 0  9994
2 57877  42.9949   8.1550 0002202 300.6716 322.6010 15.88739967  5755
STARLINK-30433          
1 57878U 23144Q   23287.58335648 -.02106235  00000+0 -94844-1 0  9993
2 57878  43.0006  15.9094 0001320 270.0148  25.7131 15.24040932  5730
STARLINK-30358          
1 57879U 23144R   23287.58335648 -.02090930  00000+0 -93294-1 0  9996
2 57879  43.0007  15.8871 0001603 276.1046  29.7486 15.24316411  5737
STARLINK-30436          
1 57880U 23144S   23287.58335648 -.02107217  00000+0 -91062-1 0  9996
2 57880  43.0007  15.8426 0001264 262.2888  61.2954 15.25404185  5725
STARLINK-30406          
1 57881U 23144T   23287.58335648 -.02106256  00000+0 -92277-1 0  9998
2 57881  43.0007  15.8661 0001455 270.4663  43.9965 15.24948838  5738
STARLINK-30339          
1 57882U 23144U   23287.58335648 -.02110750  00000+0 -89974-1 0  9993
2 57882  43.0009  15.8210 0001419 280.2495  52.2932 15.25859577  5721
STARLINK-30282          
1 57883U 23144V   23287.58335648 -.02111291  00000+0 -88765-1 0  9992
2 57883  43.0007  15.7998 0001275 273.9747  67.3631 15.26313762  5737
STARLINK-30340          
1 57884U 23144W   23287.58335648 -.02118081  00000+0 -87510-1 0  9994
2 57884  43.0006  15.7500 0001254 276.8109  84.5236 15.26896244  5730
STARLINK-30279          
1 57885U 23144X   23287.58335648 -.02111258  00000+0 -87540-1 0  9997
2 57885  43.0007  15.7781 0001331 277.6498  72.3202 15.26767316  5677
YAOGAN-39 02A           
1 57886U 23145A   23287.81410013  .00032923  00000+0  13450-2 0  9992
2 57886  34.9960 220.8188 0007609 165.7336 194.3594 15.23400601  4224
CZ-2D R/B               
1 57887U 23145B   23287.85940932  .00045976  00000+0  17472-2 0  9995
2 57887  34.9950 220.2377 0010179 175.0397 185.0420 15.25721958  4234
CZ-2D DEB               
1 57888U 23145C   23287.85095223  .00052923  00000+0  19689-2 0  9992
2 57888  34.9937 220.1664 0011166 182.5944 177.4715 15.26379925  4221
YAOGAN-39 02B           
1 57889U 23145D   23287.54567201  .00028173  00000+0  11683-2 0  9995
2 57889  34.9953 222.4149 0010895 151.9080 208.2224 15.22896950  4150
YAOGAN-39 02C           
1 57890U 23145E   23287.87702846  .00020335  00000+0  84040-3 0  9999
2 57890  34.9955 220.3847 0011155 210.5105 149.4961 15.23060573  4177
STARLINK-30465          
1 57891U 23146A   23287.58335648 -.02104224  00000+0 -54169-1 0  9992
2 57891  43.0007  42.1937 0001850 275.8788  51.5779 15.42170879  5048
STARLINK-30470          
1 57892U 23146B   23287.58335648 -.02105916  00000+0 -53410-1 0  9990
2 57892  43.0007  42.1867 0001716 273.7604  56.8523 15.42614949  5042
STARLINK-30473          
1 57893U 23146C   23287.83335648 -.01767148  00000+0 -32090-1 0  9990
2 57893  43.0000  39.7713 0001777 273.4014  39.2558 15.52075740  4938
STARLINK-30443          
1 57894U 23146D   23287.58335648 -.02114003  00000+0 -52046-1 0  9993
2 57894  43.0007  42.1727 0001242 268.5371  67.9190 15.43505718  5098
STARLINK-30467          
1 57895U 23146E   23287.58335648 -.02107312  00000+0 -52647-1 0  9996
2 57895  43.0008  42.1792 0001857 271.0329  62.5801 15.43058434  5049
STARLINK-30469          
1 57896U 23146F   23287.58335648 -.02108484  00000+0 -51112-1 0  9994
2 57896  43.0008  42.1658 0001609 274.4068  64.7395 15.43944866  5093
STARLINK-30474          
1 57897U 23146G   23287.58335648 -.02109071  00000+0 -50353-1 0  9994
2 57897  43.0008  42.1598 0001762 274.9125  66.7664 15.44388181  5045
STARLINK-30479          
1 57898U 23146H   23287.58335648 -.02110032  00000+0 -49615-1 0  9993
2 57898  43.0008  42.1541 0001746 271.9082  72.1479 15.44831864  5096
STARLINK-30481          
1 57899U 23146J   23287.83335648 -.02069421  00000+0 -49736-1 0  9991
2 57899  43.0008  40.6997 0001781 268.3061  29.8437 15.44123778  4923
STARLINK-30457          
1 57900U 23146K   23287.58335648 -.02108522  00000+0 -48080-1 0  9993
2 57900  43.0009  42.1442 0001801 260.1390  88.2060 15.45715974  4946
STARLINK-30472          
1 57901U 23146L   23287.58335648 -.02114873  00000+0 -45404-1 0  9997
2 57901  43.0009  41.9946 0001646 281.6533 126.0667 15.47453927  5097
STARLINK-30462          
1 57902U 23146M   23287.58335648 -.02111838  00000+0 -47426-1 0  9992
2 57902  43.0008  42.1388 0001781 276.2964  73.9579 15.46161055  5042
STARLINK-30449          
1 57903U 23146N   23287.83335648 -.01989483  00000+0 -43645-1 0  9998
2 57903  43.0010  40.5364 0001827 264.8276  98.5561 15.46619253  5022
STARLINK-30466          
1 57904U 23146P   23287.83335648 -.02067807  00000+0 -47466-1 0  9992
2 57904  43.0008  40.6823 0001981 270.9081  34.1728 15.45451000  5028
STARLINK-30451          
1 57905U 23146Q   23287.83335648 -.01989144  00000+0 -42884-1 0  9998
2 57905  43.0010  40.5320 0001394 267.9728  96.8667 15.47120631  5072
STARLINK-30428          
1 57906U 23146R   23287.83335648 -.02066091  00000+0 -46703-1 0  9991
2 57906  43.0009  40.6786 0001864 275.6325  31.4482 15.45892254  4860
STARLINK-30482          
1 57907U 23146S   23287.58335648 -.02076667  00000+0 -44469-1 0  9991
2 57907  43.0008  42.1278 0001743 275.1287  79.9389 15.47460355  4735
STARLINK-30464          
1 57908U 23146T   23287.58335648 -.02131454  00000+0 -44319-1 0  9992
2 57908  43.0008  42.1214 0001965 268.3785  89.0893 15.48386396  5049
STARLINK-30463          
1 57909U 23146U   23287.58335648 -.02103372  00000+0 -44379-1 0  9997
2 57909  43.0009  42.1250 0001715 235.6447 120.7013 15.47927012  5093
STARLINK-30453          
1 57910U 23146V   23287.58335648 -.02097727  00000+0 -43505-1 0  9995
2 57910  43.0008  42.1191 0002013 281.0300  77.3303 15.48401281  5043
STARLINK-30478          
1 57911U 23146W   23287.58335648 -.02226386  00000+0 -45791-1 0  9990
2 57911  43.0010  41.9861 0001920 257.9166 153.2110 15.48857920  5096
STARLINK-30477          
1 57912U 23146X   23287.83335648 -.02005283  00000+0 -42475-1 0  9996
2 57912  43.0010  40.6586 0001913 258.1377  56.3245 15.47646437  5029
STARLINK-30450          
1 57913U 23147A   23287.83335648 -.01589045  00000+0 -18885-1 0  9998
2 57913  42.9999  67.7241 0001802 286.1713 125.4165 15.63411533  4409
STARLINK-30483          
1 57914U 23147B   23287.83335648 -.01590180  00000+0 -18895-1 0  9992
2 57914  42.9999  67.7228 0001537 288.7459 123.2954 15.63421235  4407
STARLINK-30454          
1 57915U 23147C   23287.83335648 -.01591579  00000+0 -18904-1 0  9997
2 57915  42.9998  67.7217 0001765 284.4997 127.9945 15.63431812  4401
STARLINK-30491          
1 57916U 23147D   23287.83335648 -.01589313  00000+0 -18833-1 0  9992
2 57916  43.0002  67.7158 0001760 286.9052 128.3075 15.63486032  4513
STARLINK-30501          
1 57917U 23147E   23287.83335648 -.01590155  00000+0 -18880-1 0  9991
2 57917  43.0000  67.7210 0001627 287.0111 125.9369 15.63439822  4526
STARLINK-30499          
1 57918U 23147F   23287.83335648 -.01591981  00000+0 -18895-1 0  9996
2 57918  43.0002  67.7191 0001777 284.3386 129.0616 15.63450821  4518
STARLINK-30496          
1 57919U 23147G   23287.83335648 -.01588295  00000+0 -18839-1 0  9999
2 57919  43.0002  67.7194 0001941 284.3022 129.5514 15.63457946  4519
STARLINK-30485          
1 57920U 23147H   23287.83335648 -.01588173  00000+0 -18832-1 0  9999
2 57920  43.0001  67.7170 0001784 287.1670 127.1402 15.63466784  4519
STARLINK-30492          
1 57921U 23147J   23287.83335648 -.01591314  00000+0 -18865-1 0  9997
2 57921  43.0001  67.7163 0001809 282.7724 131.9865 15.63478507  4401
STARLINK-30440          
1 57923U 23147L   23287.83335648 -.01587948  00000+0 -18807-1 0  9993
2 57923  43.0001  67.7151 0001899 285.8650 129.8001 15.63494901  4517
STARLINK-30487          
1 57924U 23147M   23287.83335648 -.01592859  00000+0 -18829-1 0  9995
2 57924  43.0002  67.7083 0001803 283.8014 134.5772 15.63554003  4518
STARLINK-30452          
1 57925U 23147N   23287.83335648 -.01588519  00000+0 -18807-1 0  9990
2 57925  42.9999  67.7141 0001941 284.7334 131.3841 15.63504634  4455
STARLINK-30468          
1 57926U 23147P   23287.83335648 -.01589057  00000+0 -18807-1 0  9999
2 57926  43.0001  67.7123 0001932 284.1410 132.4289 15.63514305  4455
STARLINK-30459          
1 57927U 23147Q   23287.83335648 -.01595153  00000+0 -18881-1 0  9996
2 57927  43.0000  67.7121 0001629 282.0327 134.9889 15.63527368  4401
STARLINK-30448          
1 57928U 23147R   23287.83335648 -.01589612  00000+0 -18802-1 0  9993
2 57928  43.0000  67.7111 0001750 286.3917 131.0836 15.63532814  4400
STARLINK-30475          
1 57929U 23147S   23287.83335648 -.01596912  00000+0 -18861-1 0  9990
2 57929  43.0001  67.7057 0001669 282.3301 137.4037 15.63584739  4409
STARLINK-30476          
1 57930U 23147T   23287.83335648 -.00273305  00000+0 -11239-2 0  9992
2 57930  42.9954  66.0102 0002267 269.8434 102.8387 15.85636193  4478
STARLINK-30488          
1 57931U 23147U   23287.83335648 -.01588446  00000+0 -18778-1 0  9993
2 57931  43.0002  67.7089 0001955 284.8515 133.0754 15.63541924  4519
STARLINK-30471          
1 57932U 23147V   23287.83335648 -.01597334  00000+0 -18860-1 0  9992
2 57932  43.0003  67.7050 0001599 280.3833 139.8023 15.63594300  4459
STARLINK-30461          
1 57933U 23147W   23287.83335648 -.01589497  00000+0 -18778-1 0  9992
2 57933  43.0001  67.7071 0001903 284.7247 134.1063 15.63561194  4409
STARLINK-30458          
1 57934U 23147X   23287.83335648 -.01587912  00000+0 -18751-1 0  9994
2 57934  43.0003  67.7058 0001883 285.6894 133.5941 15.63569281  4416
STARLINK-30712          
1 57935U 23148A   23287.83335648 -.01740951  00000+0 -14213-1 0  9999
2 57935  53.0532 127.7971 0000981  74.3816 277.6931 15.72995119  4244
STARLINK-30716          
1 57936U 23148B   23287.83335648 -.01896386  00000+0 -15595-1 0  9998
2 57936  53.0529 127.7964 0000440 169.9911 182.3931 15.73124013  4240
STARLINK-30400          
1 57937U 23148C   23287.83335648 -.01720460  00000+0 -14041-1 0  9993
2 57937  53.0533 127.7981 0000326 104.7409 246.9781 15.72971858  4243
STARLINK-30710          
1 57938U 23148D   23287.83335648 -.00633709  00000+0 -39786-2 0  9996
2 57938  53.0541 127.1192 0001544  96.2828 225.6900 15.77740904  4253
STARLINK-30714          
1 57939U 23148E   23287.83335648 -.01699883  00000+0 -13846-1 0  9991
2 57939  53.0525 127.7945 0000157 121.7047 231.1080 15.72980893  4242
STARLINK-30711          
1 57940U 23148F   23287.83335648 -.01721691  00000+0 -14027-1 0  9998
2 57940  53.0528 127.7935 0000842  78.0136 275.5231 15.73008583  4248
STARLINK-30715          
1 57941U 23148G   23287.83335648 -.01686896  00000+0 -13718-1 0  9992
2 57941  53.0527 127.7920 0000119  13.8775 340.0287 15.72994962  4248
STARLINK-30455          
1 57942U 23148H   23287.83335648 -.02018654  00000+0 -16271-1 0  9992
2 57942  53.0524 127.7919 0000299 273.4266  80.7512 15.73251043  4248
STARLINK-30456          
1 57943U 23148J   23287.83335648 -.01640895  00000+0 -13311-1 0  9992
2 57943  53.0526 127.7900 0000776 113.9662 240.6989 15.72962441  4244
STARLINK-30708          
1 57944U 23148K   23287.83335648 -.01749990  00000+0 -14259-1 0  9991
2 57944  53.0530 127.7891 0000152  40.3526 314.6179 15.73065177  4300
STARLINK-30705          
1 57945U 23148L   23287.83335648 -.01730148  00000+0 -14079-1 0  9997
2 57945  53.0530 127.7874 0000250 156.6883 198.6523 15.73057739  4249
STARLINK-30704          
1 57946U 23148M   23287.83335648 -.01667444  00000+0 -13608-1 0  9993
2 57946  53.0553 127.6852 0001069  45.3877   1.6849 15.72868274  4254
STARLINK-30706          
1 57947U 23148N   23287.83335648 -.02122946  00000+0 -17215-1 0  9996
2 57947  53.0528 127.7866 0000691  37.9697 318.1018 15.73271564  4244
STARLINK-30709          
1 57948U 23148P   23287.83335648 -.01737291  00000+0 -14127-1 0  9990
2 57948  53.0528 127.7847 0000494 239.9083 116.5199 15.73085054  4245
STARLINK-30707          
1 57949U 23148Q   23287.83335648 -.01655435  00000+0 -13501-1 0  9995
2 57949  53.0529 127.7818 0000699 256.3060 101.2799 15.72865562  4246
STARLINK-30701          
1 57950U 23148R   23287.83335648 -.01734863  00000+0 -14097-1 0  9991
2 57950  53.0528 127.7831 0000732 242.7766 114.3846 15.73094995  4256
STARLINK-30399          
1 57951U 23148S   23287.83335648 -.01871233  00000+0 -15322-1 0  9997
2 57951  53.0530 127.7819 0000683  65.9688 291.5559 15.73172840  4254
STARLINK-30713          
1 57952U 23148T   23287.83374892  .00079303  00000+0  56489-3 0  9998
2 57952  53.0534 127.7774 0000538 210.2182 149.8805 15.73164659  4249
STARLINK-30700          
1 57953U 23148U   23287.76891995  .00478081  00000+0  16731-2 0  9990
2 57953  53.0541 127.3487 0001239  64.3380 295.7772 15.87517799  4248
STARLINK-30703          
1 57954U 23148V   23287.82739462  .00052151  00000+0  19613-3 0  9997
2 57954  53.0545 126.9994 0001648 107.9320 252.1884 15.87307837  4255
STARLINK-30702          
1 57955U 23148W   23287.76802077  .00155626  00000+0  57290-3 0  9998
2 57955  53.0536 127.3427 0000678  83.4108 276.6994 15.87305033  4244
SKYKRAFT-3D             
1 57956U 23084BZ  23287.81555417  .00015292  00000+0  82059-3 0  9992
2 57956  97.5239  42.7904 0012559 144.1589 216.0488 15.14972454  5207
YAOGAN-33 04            
1 57958U 23149A   23287.82845263  .00001772  00000+0  38428-3 0  9997
2 57958  98.0709 240.7563 0000835  87.1829 272.9467 14.59325632  2624
CZ-4C R/B               
1 57959U 23149B   23287.87898502  .00007020  00000+0  62222-3 0  9998
2 57959  98.0868 241.6915 0123775 355.6672   4.3462 14.90801059  2685
NOOR-3                  
1 57962U 23150A   23287.82574233  .00040513  00000+0  99788-3 0  9992
2 57962  60.0128 286.9348 0009772 305.7924  54.2255 15.40278370  2678
QASED R/B               
1 57963U 23150B   23287.52153127  .00024575  00000+0  65277-3 0  9991
2 57963  60.0176 288.3226 0010567 250.7940 109.2004 15.38186661  2664
STARLINK-30396          
1 57964U 23151A   23287.58335648 -.00711581  00000+0 -40197-2 0  9994
2 57964  42.9954  85.9816 0001725 272.7692 144.4563 15.80023424  3541
STARLINK-30524          
1 57965U 23151B   23287.58335648 -.00719437  00000+0 -40752-2 0  9990
2 57965  42.9951  85.9785 0001467 269.8811 148.6834 15.79986265  3497
STARLINK-30521          
1 57966U 23151C   23287.58335648 -.00739424  00000+0 -42237-2 0  9999
2 57966  42.9952  85.9687 0001423 263.7374 158.7398 15.79855674  3495
STARLINK-30528          
1 57967U 23151D   23287.58335648 -.00732357  00000+0 -41696-2 0  9996
2 57967  42.9953  85.9726 0001925 265.1310 155.8364 15.79904684  3547
STARLINK-30495          
1 57968U 23151E   23287.83335648 -.00681426  00000+0 -39501-2 0  9997
2 57968  42.9958  84.4390 0001593 275.8976 131.5032 15.79386619  3524
STARLINK-30484          
1 57969U 23151F   23287.83335648 -.00690817  00000+0 -40211-2 0  9992
2 57969  42.9955  84.4345 0001770 277.7425 131.3601 15.79319192  3464
STARLINK-30494          
1 57970U 23151G   23287.58335648 -.00758921  00000+0 -43775-2 0  9995
2 57970  42.9953  85.9566 0001789 267.9866 159.1885 15.79690945  3498
STARLINK-30498          
1 57971U 23151H   23287.58335648 -.00762718  00000+0 -44166-2 0  9990
2 57971  42.9953  85.9527 0001193 267.0034 161.9169 15.79620964  3448
STARLINK-30505          
1 57972U 23151J   23287.58335648 -.00770912  00000+0 -44858-2 0  9994
2 57972  42.9954  85.9459 0001468 274.6008 156.7246 15.79534061  3545
STARLINK-30502          
1 57973U 23151K   23287.58335648 -.00776326  00000+0 -45158-2 0  9994
2 57973  42.9954  85.9489 0001772 264.6827 166.0329 15.79552485  3541
STARLINK-30489          
1 57974U 23151L   23287.58335648 -.00784001  00000+0 -45799-2 0  9995
2 57974  42.9954  85.9425 0001758 268.1923 164.6171 15.79479754  3492
STARLINK-30503          
1 57975U 23151M   23287.58335648 -.00793775  00000+0 -46603-2 0  9999
2 57975  42.9954  85.9367 0001762 267.4717 167.6037 15.79395758  3547
STARLINK-30512          
1 57976U 23151N   23287.58335648 -.00794529  00000+0 -46667-2 0  9998
2 57976  42.9955  85.9378 0001735 269.4242 165.4171 15.79388741  3444
STARLINK-30509          
1 57977U 23151P   23287.58335648 -.00802898  00000+0 -47368-2 0  9997
2 57977  42.9956  85.9325 0001804 268.6372 168.2563 15.79313179  3494
STARLINK-30511          
1 57978U 23151Q   23287.58335648 -.00818736  00000+0 -48701-2 0  9998
2 57978  42.9955  85.9246 0001752 267.6575 172.2576 15.79175440  3544
STARLINK-30508          
1 57979U 23151R   23287.58335648 -.00827831  00000+0 -49458-2 0  9995
2 57979  42.9955  85.9208 0001895 262.3186 179.1425 15.79102156  3498
STARLINK-30504          
1 57980U 23151S   23287.58335648 -.00809547  00000+0 -47953-2 0  9999
2 57980  42.9956  85.9290 0001709 268.2908 170.1328 15.79243440  3544
STARLINK-30510          
1 57981U 23151T   23287.58335648 -.00832768  00000+0 -49976-2 0  9998
2 57981  42.9959  85.9171 0001630 269.6562 173.3743 15.79019843  3498
STARLINK-30507          
1 57982U 23151U   23287.58335648 -.00839076  00000+0 -50486-2 0  9996
2 57982  42.9955  85.9142 0001711 268.0139 176.0063 15.78978536  3549
STARLINK-30515          
1 57983U 23151V   23287.58335648 -.00839816  00000+0 -50666-2 0  9999
2 57983  42.9953  85.9116 0001571 275.9871 169.1422 15.78923260  3493
STARLINK-30516          
1 57984U 23151W   23287.58335648 -.00852837  00000+0 -51754-2 0  9997
2 57984  42.9955  85.9067 0001652 272.0531 174.7988 15.78828336  3545
STARLINK-30519          
1 57985U 23151X   23287.58335648 -.00861288  00000+0 -52434-2 0  9994
2 57985  42.9952  85.9041 0001753 267.2551 180.6479 15.78779598  3495
YAOGAN-39 03A           
1 57986U 23152A   23284.64358410  .00028438  00000+0  11623-2 0  9997
2 57986  34.9959 313.2343 0007139 310.4778 192.8369 15.23415167  1009
CZ-2D R/B               
1 57987U 23152B   23284.61610361  .00043881  00000+0  17661-2 0  9998
2 57987  34.9990 313.3747 0008407 323.4273  36.5959 15.23836801  1008
YAOGAN-39 03B           
1 57988U 23152C   23287.52458310  .00025230  00000+0  10263-2 0  9995
2 57988  34.9981 295.0591 0006639 351.1329 150.4237 15.23596835  1440
CZ-2D DEB               
1 57989U 23152D   23284.61472405  .00053541  00000+0  21269-2 0  9998
2 57989  34.9994 313.3644 0008868 332.8226  27.2691 15.24220548  1010
YAOGAN-39 03C           
1 57990U 23152E   23287.46095584  .00031073  00000+0  12635-2 0  9998
2 57990  34.9973 295.4272 0008993 358.2927 163.9657 15.23558586  1403
STARLINK-30537          
1 57991U 23153A   23287.91667824 -.00717763  00000+0 -30093-2 0  9999
2 57991  43.0005 174.8289 0001635 263.4044   7.4207 15.86288690  2412
STARLINK-30534          
1 57992U 23153B   23287.91667824 -.00711327  00000+0 -29838-2 0  9995
2 57992  43.0005 174.8343 0001430 273.4369 355.3069 15.86265402  2639
STARLINK-30536          
1 57993U 23153C   23287.91667824 -.00726532  00000+0 -30454-2 0  9996
2 57993  43.0006 174.8235 0001573 265.3120   7.7544 15.86313936  2737
STARLINK-30538          
1 57994U 23153D   23287.58335648 -.00692509  00000+0 -28191-2 0  9997
2 57994  43.0011 176.8695 0001537 267.5439 262.1491 15.86827492  2592
STARLINK-30517          
1 57995U 23153E   23287.91667824 -.00744509  00000+0 -31189-2 0  9998
2 57995  43.0007 174.8108 0001428 264.7467  13.3461 15.86368836  2735
STARLINK-30543          
1 57996U 23153F   23287.91667824 -.00747721  00000+0 -31303-2 0  9996
2 57996  43.0006 174.8058 0001896 270.6110   9.3779 15.86385464  2732
STARLINK-30523          
1 57997U 23153G   23287.91667824 -.00735757  00000+0 -30833-2 0  9990
2 57997  43.0005 174.8173 0001675 278.7219 356.7239 15.86339480  2731
STARLINK-30531          
1 57998U 23153H   23287.91667824 -.00765996  00000+0 -32074-2 0  9998
2 57998  43.0006 174.7964 0001567 270.3769  13.4553 15.86426982  2738
STARLINK-30552          
1 57999U 23153J   23287.91667824 -.00761857  00000+0 -31907-2 0  9995
2 57999  43.0008 174.7999 0001519 272.3228  10.2178 15.86413816  2738
STARLINK-30545          
1 58000U 23153K   23287.91667824 -.00768690  00000+0 -32172-2 0  9996
2 58000  43.0006 174.7925 0001827 262.8216  22.4745 15.86440189  2730
STARLINK-30535          
1 58001U 23153L   23287.91667824 -.00775756  00000+0 -32474-2 0  9993
2 58001  43.0007 174.7893 0001505 270.7804  15.9070 15.86455575  2733
STARLINK-30540          
1 58002U 23153M   23287.91667824 -.00796485  00000+0 -33357-2 0  9997
2 58002  43.0009 174.7800 0001455 271.9276  18.4936 15.86494849  2639
STARLINK-30546          
1 58003U 23153N   23287.91667824 -.00782287  00000+0 -32745-2 0  9993
2 58003  43.0008 174.7850 0001472 267.4775  20.9330 15.86472488  2739
STARLINK-30539          
1 58004U 23153P   23287.91667824 -.00796784  00000+0 -33343-2 0  9996
2 58004  43.0009 174.7749 0001798 265.6280  26.8820 15.86508471  2731
STARLINK-30530          
1 58005U 23153Q   23287.91667824 -.00808675  00000+0 -33836-2 0  9997
2 58005  43.0010 174.7666 0001866 261.7628  34.1225 15.86538141  2739
STARLINK-30526          
1 58006U 23153R   23287.91667824 -.00810744  00000+0 -33943-2 0  9997
2 58006  43.0011 174.7684 0001620 262.1094  33.0120 15.86533113  2737
STARLINK-30527          
1 58007U 23153S   23287.91667824 -.00825659  00000+0 -34578-2 0  9994
2 58007  43.0010 174.7601 0001398 258.4473  39.9411 15.86563633  2634
STARLINK-30522          
1 58008U 23153T   23287.91667824 -.00822659  00000+0 -34420-2 0  9998
2 58008  43.0010 174.7565 0002013 265.8108  34.0111 15.86569788  2737
STARLINK-30486          
1 58009U 23153U   23287.91667824 -.00835174  00000+0 -34967-2 0  9991
2 58009  43.0010 174.7513 0001695 266.2306  35.6642 15.86588481  2402
STARLINK-30520          
1 58010U 23153V   23287.91667824 -.00847997  00000+0 -35530-2 0  9996
2 58010  43.0009 174.7473 0001519 273.4300  30.0377 15.86605153  2631
STARLINK-30497          
1 58011U 23153W   23287.91667824 -.00848522  00000+0 -35534-2 0  9996
2 58011  43.0013 174.7442 0001868 263.3737  41.3970 15.86613210  2730
STARLINK-30525          
1 58012U 23153X   23287.91667824 -.00858830  00000+0 -35982-2 0  9997
2 58012  43.0009 174.7380 0001675 263.9953  43.0884 15.86629955  2735
KUIPER-P2               
1 58013U 23154A   23287.53080513  .00017777  00000+0  69172-3 0  9995
2 58013  29.9909  46.8191 0016116  28.3674 331.7824 15.24587601  1188
KUIPER-P1               
1 58014U 23154B   23287.72867567  .00019834  00000+0  77863-3 0  9991
2 58014  29.9908  45.5221 0014918  28.8205 331.3240 15.24332002  1216
ATLAS 5 CENTAUR R/B     
1 58015U 23154C   23279.78196957  .00000153  00000+0  00000+0 0  9996
2 58015  29.9500  95.2397 0019000 272.2000 321.4360 15.22383530    05
THEOS-2                 
1 58016U 23155A   23285.16186986  .00003670  00000+0  42434-3 0  9996
2 58016  97.9305 354.1418 0001387  87.6359 272.5015 14.86173166   452
FORMOSAT-7R (TRITON)    
1 58017U 23155B   23287.44629912  .00003973  00000+0  43649-3 0  9996
2 58017  97.9293 356.4299 0001700  21.6620 338.4668 14.88227307   791
ANSER LEADER            
1 58018U 23155C   23287.80958853  .00008029  00000+0  67115-3 0  9997
2 58018  97.6710 356.5346 0004989 337.1600  22.9401 14.98757835   854
2023-155D               
1 58019U 23155D   23287.80946888  .00008507  00000+0  71017-3 0  9990
2 58019  97.6709 356.5346 0004867 337.8399  22.2613 14.98790814   852
NESS                    
1 58020U 23155E   23287.80886202  .00012688  00000+0  10511-2 0  9991
2 58020  97.6713 356.5358 0004364 335.9858  24.1160 14.98978937   855
CSC 2                   
1 58021U 23155F   23287.80813756  .00006231  00000+0  51716-3 0  9996
2 58021  97.6717 356.5373 0002482   8.2256 351.9007 14.99129542   850
CSC 1                   
1 58022U 23155G   23287.80804539  .00006443  00000+0  53421-3 0  9996
2 58022  97.6709 356.5365 0002494   7.0659 353.0598 14.99155536   850
2023-155H               
1 58023U 23155H   23287.80594422  .00011634  00000+0  94549-3 0  9998
2 58023  97.6709 356.5393 0000537 285.0242  75.0922 14.99744954   854
2023-155J               
1 58024U 23155J   23287.80553534  .00011085  00000+0  89872-3 0  9991
2 58024  97.6709 356.5399 0000420 225.9213 134.1976 14.99850099   857
PVCC                    
1 58025U 23155K   23287.80496147  .00005403  00000+0  43948-3 0  9999
2 58025  97.6708 356.5406 0002079 243.2333 116.8678 14.99969908   850
PSYCHE                  
1 58049U 23157A   23286.60289039  .00001209 -37902-5  00000+0 0  9990
2 58049  30.0000  47.5426 0467200 123.5100 359.9800 15.29658471    02
FALCON HEAVY R/B        
1 58050U 23157B   23286.60289039  .00001209 -37902-5  00000+0 0  9992
2 58050  30.0000  47.5426 0467200 123.5100 359.9800 15.29658471    04
